   0.0000000000   0.0000000000   0.0000000000   0.0000000000
   0.0144338626   0.0000000000   0.0000000000   0.0000000000
   0.0288677252   0.0000000000   0.0000000000   0.0000000000
   0.0433015877   0.0000000000   0.0000000000   0.0000000000
   0.0577354503   0.0000000000   0.0000000000   0.0000000000
   0.0721693129   0.0000000000   0.0000000000   0.0000000000
   0.0866031755   0.0000000000   0.0000000000   0.0000000000
   0.1010370380   0.0000000000   0.0000000000   0.0000000000
   0.1154709006   0.0000000000   0.0000000000   0.0000000000
   0.1299047632   0.0000000000   0.0000000000   0.0000000000
   0.1443386258   0.0000000000   0.0000000000   0.0000000000
   0.1587724884   0.0000000000   0.0000000000   0.0000000000
   0.1732063509   0.0000000000   0.0000000000   0.0000000000
   0.1876402135   0.0000000000   0.0000000000   0.0000000000
   0.2020740761   0.0000000000   0.0000000000   0.0000000000
   0.2165079387   0.0000000000   0.0000000000   0.0000000000
   0.2309418013   0.0000000000   0.0000000000   0.0000000000
   0.2453756638   0.0000000000   0.0000000000   0.0000000000
   0.2598095264   0.0000000000   0.0000000000   0.0000000000
   0.2742433890   0.0000000000   0.0000000000   0.0000000000
   0.2886772516   0.0000000000   0.0000000000   0.0000000000
   0.3031111141  -0.0000000000  -0.0000000000  -0.0000000000
   0.3175449767  -0.0000000000  -0.0000000000  -0.0000000000
   0.3319788393  -0.0000000000  -0.0000000000  -0.0000000000
   0.3464127019  -0.0000000000  -0.0000000000  -0.0000000000
   0.3608465645  -0.0000000000  -0.0000000000  -0.0000000000
   0.3752804270  -0.0000000000  -0.0000000000  -0.0000000000
   0.3897142896  -0.0000000000  -0.0000000000  -0.0000000000
   0.4041481522  -0.0000000000  -0.0000000000  -0.0000000000
   0.4185820148  -0.0000000000  -0.0000000000  -0.0000000000
   0.4330158774  -0.0000000000  -0.0000000000  -0.0000000000
   0.4474497399  -0.0000000000  -0.0000000000  -0.0000000000
   0.4618836025   0.0000000000  -0.0000000000  -0.0000000000
   0.4763174651   0.0000000000  -0.0000000000  -0.0000000000
   0.4907513277   0.0000000000   0.0000000000   0.0000000000
   0.5051851902   0.0000000000   0.0000000000   0.0000000000
   0.5196190528   0.0000000000   0.0000000000   0.0000000000
   0.5340529154   0.0000000000   0.0000000000   0.0000000000
   0.5484867780   0.0000000000   0.0000000000   0.0000000000
   0.5629206406   0.0000000000   0.0000000000   0.0000000000
   0.5773545031   0.0000000000   0.0000000000   0.0000000000
   0.5917883657   0.0000000000   0.0000000000   0.0000000000
   0.6062222283   0.0000000000   0.0000000000   0.0000000000
   0.6206560909   0.0000000000   0.0000000000   0.0000000000
   0.6350899535  -0.0000000000   0.0000000000   0.0000000000
   0.6495238160  -0.0000000000  -0.0000000000  -0.0000000000
   0.6639576786  -0.0000000000  -0.0000000000  -0.0000000000
   0.6783915412  -0.0000000000  -0.0000000000  -0.0000000000
   0.6928254038  -0.0000000000  -0.0000000000  -0.0000000000
   0.7072592663  -0.0000000000  -0.0000000000  -0.0000000000
   0.7216931289  -0.0000000000  -0.0000000000  -0.0000000000
   0.7361269915  -0.0000000000  -0.0000000000  -0.0000000000
   0.7505608541  -0.0000000000  -0.0000000000  -0.0000000000
   0.7649947167  -0.0000000000  -0.0000000000  -0.0000000000
   0.7794285792  -0.0000000000  -0.0000000000  -0.0000000000
   0.7938624418  -0.0000000000  -0.0000000000  -0.0000000000
   0.8082963044  -0.0000000000  -0.0000000000  -0.0000000000
   0.8227301670  -0.0000000000  -0.0000000000  -0.0000000000
   0.8371640296  -0.0000000000  -0.0000000000  -0.0000000000
   0.8515978921  -0.0000000000  -0.0000000000  -0.0000000000
   0.8660317547  -0.0000000000  -0.0000000000  -0.0000000000
   0.8804656173  -0.0000000000  -0.0000000000   0.0000000000
   0.8948994799   0.0000000000   0.0000000000   0.0000000000
   0.9093333424   0.0000000000   0.0000000000   0.0000000000
   0.9237672050   0.0000000000   0.0000000000   0.0000000000
   0.9382010676   0.0000000000   0.0000000000   0.0000000000
   0.9526349302   0.0000000000   0.0000000000   0.0000000000
   0.9670687928   0.0000000000   0.0000000000   0.0000000000
   0.9815026553   0.0000000000   0.0000000000   0.0000000000
   0.9959365179  -0.0000000000  -0.0000000000  -0.0000000000
   1.0103703805  -0.0000000000  -0.0000000000  -0.0000000000
   1.0248042431  -0.0000000000  -0.0000000000  -0.0000000000
   1.0392381056  -0.0000000000  -0.0000000000  -0.0000000000
   1.0536719682  -0.0000000000  -0.0000000000  -0.0000000000
   1.0681058308  -0.0000000000  -0.0000000000  -0.0000000000
   1.0825396934  -0.0000000000  -0.0000000000   0.0000000000
   1.0969735560   0.0000000000   0.0000000000   0.0000000000
   1.1114074185   0.0000000000   0.0000000000   0.0000000000
   1.1258412811   0.0000000000   0.0000000000   0.0000000000
   1.1402751437   0.0000000000   0.0000000000   0.0000000000
   1.1547090063   0.0000000000   0.0000000000   0.0000000000
   1.1691428689   0.0000000000  -0.0000000000  -0.0000000000
   1.1835767314  -0.0000000000  -0.0000000000  -0.0000000000
   1.1980105940  -0.0000000000  -0.0000000000  -0.0000000000
   1.2124444566  -0.0000000000  -0.0000000000  -0.0000000000
   1.2268783192  -0.0000000000  -0.0000000000  -0.0000000000
   1.2413121817  -0.0000000000  -0.0000000000   0.0000000000
   1.2557460443   0.0000000000   0.0000000000   0.0000000000
   1.2701799069   0.0000000000   0.0000000000   0.0000000000
   1.2846137695   0.0000000000   0.0000000000   0.0000000000
   1.2990476321   0.0000000000   0.0000000000   0.0000000000
   1.3134814946   0.0000000000   0.0000000000   0.0000000000
   1.3279153572  -0.0000000000  -0.0000000000  -0.0000000000
   1.3423492198  -0.0000000000  -0.0000000001  -0.0000000001
   1.3567830824  -0.0000000000  -0.0000000001  -0.0000000001
   1.3712169450  -0.0000000001  -0.0000000001  -0.0000000001
   1.3856508075  -0.0000000000  -0.0000000001  -0.0000000000
   1.4000846701   0.0000000000   0.0000000000   0.0000000001
   1.4145185327   0.0000000001   0.0000000002   0.0000000002
   1.4289523953   0.0000000001   0.0000000003   0.0000000002
   1.4433862578   0.0000000001   0.0000000003   0.0000000001
   1.4578201204   0.0000000001   0.0000000001   0.0000000000
   1.4722539830  -0.0000000000  -0.0000000001  -0.0000000002
   1.4866878456  -0.0000000001  -0.0000000004  -0.0000000003
   1.5011217082  -0.0000000003  -0.0000000006  -0.0000000002
   1.5155555707  -0.0000000003  -0.0000000005   0.0000000000
   1.5299894333  -0.0000000002  -0.0000000002   0.0000000003
   1.5444232959   0.0000000000   0.0000000004   0.0000000004
   1.5588571585   0.0000000004   0.0000000010   0.0000000000
   1.5732910211   0.0000000008   0.0000000016  -0.0000000008
   1.5877248836   0.0000000010   0.0000000017  -0.0000000018
   1.6021587462   0.0000000010   0.0000000011  -0.0000000025
   1.6165926088   0.0000000004  -0.0000000004  -0.0000000019
   1.6310264714  -0.0000000007  -0.0000000026   0.0000000006
   1.6454603339  -0.0000000022  -0.0000000053   0.0000000050
   1.6598941965  -0.0000000039  -0.0000000074   0.0000000104
   1.6743280591  -0.0000000051  -0.0000000077   0.0000000141
   1.6887619217  -0.0000000049  -0.0000000048   0.0000000132
   1.7031957843  -0.0000000023   0.0000000024   0.0000000050
   1.7176296468   0.0000000030   0.0000000132  -0.0000000108
   1.7320635094   0.0000000104   0.0000000250  -0.0000000309
   1.7464973720   0.0000000177   0.0000000329  -0.0000000481
   1.7609312346   0.0000000216   0.0000000309  -0.0000000531
   1.7753650971   0.0000000184   0.0000000142  -0.0000000377
   1.7897989597   0.0000000058  -0.0000000171   0.0000000004
   1.8042328223  -0.0000000152  -0.0000000558   0.0000000541
   1.8186666849  -0.0000000390  -0.0000000878   0.0000001062
   1.8331005475  -0.0000000563  -0.0000000956   0.0000001335
   1.8475344100  -0.0000000571  -0.0000000657   0.0000001156
   1.8619682726  -0.0000000348   0.0000000023   0.0000000456
   1.8764021352   0.0000000086   0.0000000913  -0.0000000625
   1.8908359978   0.0000000610   0.0000001678  -0.0000001729
   1.9052698604   0.0000001023   0.0000001936  -0.0000002388
   1.9197037229   0.0000001117   0.0000001430  -0.0000002209
   1.9341375855   0.0000000773   0.0000000192  -0.0000001079
   1.9485714481   0.0000000044  -0.0000001386   0.0000000702
   1.9630053107  -0.0000000828  -0.0000002653   0.0000002470
   1.9774391732  -0.0000001484  -0.0000002959   0.0000003432
   1.9918730358  -0.0000001595  -0.0000001977   0.0000003023
   2.0063068984  -0.0000001030   0.0000000060   0.0000001232
   2.0207407610   0.0000000039   0.0000002360  -0.0000001292
   2.0351746236   0.0000001174   0.0000003860  -0.0000003440
   2.0496084861   0.0000001847   0.0000003714  -0.0000004137
   2.0640423487   0.0000001695   0.0000001747  -0.0000002909
   2.0784762113   0.0000000743  -0.0000001364  -0.0000000234
   2.0929100739  -0.0000000553  -0.0000004307   0.0000002567
   2.1073439365  -0.0000001496  -0.0000005698   0.0000003939
   2.1217777990  -0.0000001520  -0.0000004690   0.0000002986
   2.1362116616  -0.0000000584  -0.0000001312   0.0000000198
   2.1506455242   0.0000000649   0.0000003647  -0.0000002464
   2.1650793868   0.0000001020   0.0000009058  -0.0000002381
   2.1795132493  -0.0000000505   0.0000013746   0.0000002131
   2.1939471119  -0.0000003973   0.0000016214   0.0000010058
   2.2083809745  -0.0000007729   0.0000013758   0.0000016649
   2.2228148371  -0.0000008304   0.0000001666   0.0000014021
   2.2372486997  -0.0000001349  -0.0000026104  -0.0000005955
   2.2516825622   0.0000016206  -0.0000073311  -0.0000046585
   2.2661164248   0.0000043005  -0.0000134481  -0.0000100084
   2.2805502874   0.0000069938  -0.0000186424  -0.0000142286
   2.2949841500   0.0000078161  -0.0000182837  -0.0000131534
   2.3094180126   0.0000040524  -0.0000058676  -0.0000015559
   2.3238518751  -0.0000071404   0.0000249240   0.0000250422
   2.3382857377  -0.0000273344   0.0000762788   0.0000673636
   2.3527196003  -0.0000548054   0.0001409195   0.0001185615
   2.3671534629  -0.0000822820   0.0001968433   0.0001606239
   2.3815873254  -0.0000952487   0.0002044463   0.0001626108
   2.3960211880  -0.0000718610   0.0001086260   0.0000825929
   2.4104550506   0.0000144911  -0.0001522126  -0.0001252778
   2.4248889132   0.0001894149  -0.0006300979  -0.0004984272
   2.4393227758   0.0004689625  -0.0013468501  -0.0010501316
   2.4537566383   0.0008499973  -0.0022740784  -0.0017544700
   2.4681905009   0.0013023674  -0.0033208700  -0.0025374976
   2.4826243635   0.0017663089  -0.0043360616  -0.0032800326
   2.4970582261   0.0021579231  -0.0051292082  -0.0038351292
   2.5114920887   0.0023836987  -0.0055091736  -0.0040590442
   2.5259259512   0.0023622007  -0.0053329298  -0.0038494063
   2.5403598138   0.0020480493  -0.0045517406  -0.0031801518
   2.5547936764   0.0014512554  -0.0032397455  -0.0021214678
   2.5692275390   0.0006449099  -0.0015926515  -0.0008356417
   2.5836614015  -0.0002433923   0.0001081159   0.0004538336
   2.5980952641  -0.0010565425   0.0015597060   0.0015140344
   2.6125291267  -0.0016441679   0.0025140894   0.0021616694
   2.6269629893  -0.0019006428   0.0028436744   0.0023118776
   2.6413968519  -0.0017936819   0.0025748593   0.0020009452
   2.6558307144  -0.0013742633   0.0018770113   0.0013745350
   2.6702645770  -0.0007638583   0.0010086156   0.0006439114
   2.6846984396  -0.0001219284   0.0002370846   0.0000233102
   2.6991323022   0.0003969676  -0.0002415697  -0.0003318327
   2.7135661647   0.0006836080  -0.0003563638  -0.0003661659
   2.7280000273   0.0006999693  -0.0001706244  -0.0001324963
   2.7424338899   0.0004832172   0.0001548006   0.0002347364
   2.7568677525   0.0001277696   0.0004293996   0.0005702690
   2.7713016151  -0.0002475427   0.0005058609   0.0007349573
   2.7857354776  -0.0005357844   0.0003308640   0.0006594743
   2.8001693402  -0.0006700244  -0.0000438521   0.0003610262
   2.8146032028  -0.0006354124  -0.0004917302  -0.0000704525
   2.8290370654  -0.0004636610  -0.0008683482  -0.0005093184
   2.8434709280  -0.0002145897  -0.0010706897  -0.0008396157
   2.8579047905   0.0000467761  -0.0010747368  -0.0009923249
   2.8723386531   0.0002688650  -0.0009375050  -0.0009623029
   2.8867725157   0.0004224581  -0.0007650026  -0.0008011193
   2.9012063783   0.0004992056  -0.0006616491  -0.0005909893
   2.9156402408   0.0005035665  -0.0006836442  -0.0004112808
   2.9300741034   0.0004440561  -0.0008159887  -0.0003105631
   2.9445079660   0.0003287484  -0.0009818875  -0.0002937510
   2.9589418286   0.0001667080  -0.0010790572  -0.0003273065
   2.9733756912  -0.0000268136  -0.0010261853  -0.0003584220
   2.9878095537  -0.0002260494  -0.0007991312  -0.0003393176
   3.0022434163  -0.0003957253  -0.0004417114  -0.0002468090
   3.0166772789  -0.0004991286  -0.0000474630  -0.0000901535
   3.0311111415  -0.0005109623   0.0002785808   0.0000945957
   3.0455450041  -0.0004294704   0.0004608930   0.0002601399
   3.0599788666  -0.0002815865   0.0004797056   0.0003663825
   3.0744127292  -0.0001172236   0.0003723714   0.0003944154
   3.0888465918   0.0000065746   0.0002111901   0.0003512193
   3.1032804544   0.0000461122   0.0000693443   0.0002643653
   3.1177143169  -0.0000120608  -0.0000089460   0.0001699019
   3.1321481795  -0.0001452053  -0.0000211087   0.0000987961
   3.1465820421  -0.0003025366   0.0000022081   0.0000671299
   3.1610159047  -0.0004246832   0.0000202993   0.0000731282
   3.1754497673  -0.0004667314   0.0000072714   0.0001011204
   3.1898836298  -0.0004154036  -0.0000343057   0.0001299790
   3.2043174924  -0.0002933115  -0.0000773142   0.0001423172
   3.2187513550  -0.0001487259  -0.0000884000   0.0001309886
   3.2331852176  -0.0000354775  -0.0000499555   0.0001008398
   3.2476190802   0.0000083302   0.0000266936   0.0000655535
   3.2620529427  -0.0000260573   0.0001044905   0.0000411264
   3.2764868053  -0.0001172359   0.0001389502   0.0000385996
   3.2909206679  -0.0002250140   0.0001020697   0.0000588727
   3.3053545305  -0.0003081755  -0.0000008877   0.0000917302
   3.3197883930  -0.0003406003  -0.0001310253   0.0001197325
   3.3342222556  -0.0003191987  -0.0002328058   0.0001257135
   3.3486561182  -0.0002613649  -0.0002603911   0.0001009430
   3.3630899808  -0.0001944927  -0.0002003596   0.0000502993
   3.3775238434  -0.0001432336  -0.0000793997  -0.0000083644
   3.3919577059  -0.0001203538   0.0000471160  -0.0000511358
   3.4063915685  -0.0001245215   0.0001204287  -0.0000587260
   3.4208254311  -0.0001446505   0.0001055676  -0.0000261687
   3.4352592937  -0.0001674634   0.0000075296   0.0000333678
   3.4496931563  -0.0001840283  -0.0001310874   0.0000931970
   3.4641270188  -0.0001923355  -0.0002497358   0.0001247092
   3.4785608814  -0.0001955271  -0.0002975564   0.0001107866
   3.4929947440  -0.0001977245  -0.0002562049   0.0000544920
   3.5074286066  -0.0002003539  -0.0001475719  -0.0000215948
   3.5218624691  -0.0002011324  -0.0000232351  -0.0000855273
   3.5362963317  -0.0001960572   0.0000591864  -0.0001109143
   3.5507301943  -0.0001829272   0.0000618837  -0.0000892881
   3.5651640569  -0.0001640866  -0.0000166437  -0.0000337183
   3.5795979195  -0.0001465842  -0.0001415246   0.0000281167
   3.5940317820  -0.0001394194  -0.0002575297   0.0000677901
   3.6084656446  -0.0001491706  -0.0003137541   0.0000697890
   3.6228995072  -0.0001762203  -0.0002859611   0.0000381100
   3.6373333698  -0.0002135812  -0.0001868632  -0.0000072204
   3.6517672323  -0.0002491084  -0.0000600877  -0.0000413782
   3.6662010949  -0.0002702888   0.0000392357  -0.0000475169
   3.6806349575  -0.0002695601   0.0000685655  -0.0000244525
   3.6950688201  -0.0002478016   0.0000161429   0.0000142657
   3.7095026827  -0.0002143838  -0.0000945138   0.0000486575
   3.7239365452  -0.0001836218  -0.0002155016   0.0000630066
   3.7383704078  -0.0001690316  -0.0002957356   0.0000531904
   3.7528042704  -0.0001777706  -0.0003029843   0.0000272492
   3.7672381330  -0.0002076220  -0.0002371127  -0.0000002751
   3.7816719956  -0.0002478551  -0.0001290189  -0.0000165047
   3.7961058581  -0.0002836614  -0.0000262074  -0.0000163518
   3.8105397207  -0.0003023199   0.0000282023  -0.0000037843
   3.8249735833  -0.0002984618   0.0000135845   0.0000116181
   3.8394074459  -0.0002761613  -0.0000607427   0.0000202492
   3.8538413084  -0.0002469561  -0.0001614247   0.0000170235
   3.8682751710  -0.0002247091  -0.0002469726   0.0000029036
   3.8827090336  -0.0002196373  -0.0002860528  -0.0000165755
   3.8971428962  -0.0002341893  -0.0002699710  -0.0000342921
   3.9115767588  -0.0002625566  -0.0002142944  -0.0000442975
   3.9260106213  -0.0002938809  -0.0001497677  -0.0000434244
   3.9404444839  -0.0003174916  -0.0001074457  -0.0000318433
   3.9548783465  -0.0003276213  -0.0001051272  -0.0000131101
   3.9693122091  -0.0003254253  -0.0001409522   0.0000060587
   3.9837460717  -0.0003175579  -0.0001962344   0.0000166368
   3.9981799342  -0.0003122845  -0.0002452334   0.0000092619
   4.0126137968  -0.0003152550  -0.0002666888  -0.0000227784
   4.0270476594  -0.0003270683  -0.0002517483  -0.0000806752
   4.0414815220  -0.0003436723  -0.0002052381  -0.0001590419
   4.0559153845  -0.0003590983  -0.0001406942  -0.0002478566
   4.0703492471  -0.0003688512  -0.0000724293  -0.0003370262
   4.0847831097  -0.0003720797  -0.0000088516  -0.0004214510
   4.0992169723  -0.0003714632   0.0000499362  -0.0005037237
   4.1136508349  -0.0003710800   0.0001097393  -0.0005925263
   4.1280846974  -0.0003736034   0.0001769807  -0.0006970742
   4.1425185600  -0.0003784350   0.0002536031  -0.0008203294
   4.1569524226  -0.0003817447   0.0003347420  -0.0009547182
   4.1713862852  -0.0003782667   0.0004100371  -0.0010829884
   4.1858201478  -0.0003637461   0.0004675332  -0.0011841408
   4.2002540103  -0.0003366745   0.0004979985  -0.0012415630
   4.2146878729  -0.0002984577   0.0004976107  -0.0012492205
   4.2291217355  -0.0002520960   0.0004680896  -0.0012127939
   4.2435555981  -0.0002002523   0.0004147711  -0.0011454224
   4.2579894606  -0.0001438194   0.0003440443  -0.0010606389
   4.2724233232  -0.0000817048   0.0002615945  -0.0009664865
   4.2868571858  -0.0000118192   0.0001721359  -0.0008639258
   4.3012910484   0.0000673724   0.0000803036  -0.0007500421
   4.3157249110   0.0001555791  -0.0000082927  -0.0006237722
   4.3301587735   0.0002502746  -0.0000868291  -0.0004904967
   4.3445926361   0.0003472268  -0.0001482036  -0.0003626044
   4.3590264987   0.0004416071  -0.0001867164  -0.0002555323
   4.3734603613   0.0005291440  -0.0001995902  -0.0001813888
   4.3878942239   0.0006068913  -0.0001875257  -0.0001436148
   4.4023280864   0.0006734280  -0.0001540662  -0.0001355176
   4.4167619490   0.0007285425  -0.0001042154  -0.0001433459
   4.4311958116   0.0007726000  -0.0000431082  -0.0001521454
   4.4456296742   0.0008058411   0.0000246233  -0.0001512805
   4.4600635367   0.0008278563   0.0000946837  -0.0001369409
   4.4744973993   0.0008374310   0.0001626019  -0.0001108129
   4.4889312619   0.0008328464   0.0002235529  -0.0000762768
   4.5033651245   0.0008125532   0.0002729498  -0.0000347333
   4.5177989871   0.0007759635   0.0003076921   0.0000156751
   4.5322328496   0.0007240069   0.0003274447   0.0000783091
   4.5466667122   0.0006591676   0.0003351674   0.0001545067
   4.5611005748   0.0005849309   0.0003364296   0.0002406022
   4.5755344374   0.0005048524   0.0003376451   0.0003274493
   4.5899682999   0.0004216556   0.0003439320   0.0004029261
   4.6044021625   0.0003367743   0.0003575012   0.0004562035
   4.6188360251   0.0002505549   0.0003772272   0.0004816321
   4.6332698877   0.0001630140   0.0003994723   0.0004803840
   4.6477037503   0.0000747654   0.0004196631   0.0004592380
   4.6621376128  -0.0000123674   0.0004338368   0.0004273397
   4.6765714754  -0.0000953926   0.0004395224   0.0003926371
   4.6910053380  -0.0001708628   0.0004357635   0.0003596164
   4.7054392006  -0.0002359288   0.0004225572   0.0003291086
   4.7198730632  -0.0002892281   0.0004002151   0.0002998411
   4.7343069257  -0.0003311833   0.0003690553   0.0002706241
   4.7487407883  -0.0003635892   0.0003295353   0.0002419121
   4.7631746509  -0.0003887169   0.0002826399   0.0002159506
   4.7776085135  -0.0004083786   0.0002302353   0.0001955306
   4.7920423760  -0.0004233691   0.0001751826   0.0001821161
   4.8064762386  -0.0004334757   0.0001211670   0.0001744553
   4.8209101012  -0.0004379695   0.0000722945   0.0001685497
   4.8353439638  -0.0004362939   0.0000325055   0.0001591557
   4.8497778264  -0.0004286306   0.0000048390   0.0001421695
   4.8642116889  -0.0004161098  -0.0000093643   0.0001167223
   4.8786455515  -0.0004005979  -0.0000110800   0.0000859052
   4.8930794141  -0.0003841604  -0.0000036972   0.0000557094
   4.9075132767  -0.0003684259   0.0000076641   0.0000326658
   4.9219471393  -0.0003541199   0.0000175561   0.0000212951
   4.9363810018  -0.0003409675   0.0000218579   0.0000225167
   4.9508148644  -0.0003279991   0.0000189781   0.0000336151
   4.9652487270  -0.0003141022   0.0000100236   0.0000495834
   4.9796825896  -0.0002985549  -0.0000021701   0.0000650749
   4.9941164521  -0.0002813156  -0.0000146718   0.0000760681
   5.0085503147  -0.0002629891  -0.0000259182   0.0000806514
   5.0229841773  -0.0002445472  -0.0000362601   0.0000788273
   5.0374180399  -0.0002269460  -0.0000473265   0.0000716622
   5.0518519025  -0.0002107665  -0.0000605898   0.0000603071
   5.0662857650  -0.0001959656  -0.0000759511   0.0000453806
   5.0807196276  -0.0001818240  -0.0000911775   0.0000269909
   5.0951534902  -0.0001671751  -0.0001025756   0.0000053647
   5.1095873528  -0.0001509181  -0.0001066208  -0.0000182656
   5.1240212154  -0.0001326343  -0.0001017244  -0.0000410562
   5.1384550779  -0.0001129598  -0.0000892129  -0.0000587184
   5.1528889405  -0.0000934046  -0.0000729769  -0.0000666108
   5.1673228031  -0.0000756065  -0.0000579319  -0.0000614223
   5.1817566657  -0.0000604167  -0.0000480404  -0.0000427127
   5.1961905282  -0.0000474134  -0.0000448415  -0.0000135342
   5.2106243908  -0.0000352238  -0.0000471353   0.0000202665
   5.2250582534  -0.0000225032  -0.0000518642   0.0000518373
   5.2394921160  -0.0000089422  -0.0000556663   0.0000754363
   5.2539259786   0.0000043779  -0.0000563424   0.0000879652
   5.2683598411   0.0000155299  -0.0000536217   0.0000893339
   5.2827937037   0.0000228218  -0.0000490004   0.0000816747
   5.2972275663   0.0000257184  -0.0000448264   0.0000679737
   5.3116614289   0.0000250643  -0.0000430717   0.0000508833
   5.3260952914   0.0000225693  -0.0000443257   0.0000322615
   5.3405291540   0.0000199737  -0.0000474593   0.0000134921
   5.3549630166   0.0000184060  -0.0000501636  -0.0000038207
   5.3693968792   0.0000182072  -0.0000501850  -0.0000173759
   5.3838307418   0.0000191511  -0.0000466899  -0.0000243427
   5.3982646043   0.0000208127  -0.0000410207  -0.0000221885
   5.4126984669   0.0000228739  -0.0000363228  -0.0000097807
   5.4271323295   0.0000252798  -0.0000361054   0.0000118045
   5.4415661921   0.0000282364  -0.0000424281   0.0000392132
   5.4560000547   0.0000320537  -0.0000546890   0.0000675831
   5.4704339172   0.0000368648  -0.0000696957   0.0000918712
   5.4848677798   0.0000423455  -0.0000829927   0.0001082242
   5.4993016424   0.0000476351  -0.0000907323   0.0001148902
   5.5137355050   0.0000515983  -0.0000911403   0.0001123909
   5.5281693675   0.0000533533  -0.0000849392   0.0001029865
   5.5426032301   0.0000527622  -0.0000747033   0.0000897284
   5.5570370927   0.0000505473  -0.0000636271   0.0000755071
   5.5714709553   0.0000479244  -0.0000543326   0.0000624339
   5.5859048179   0.0000459707  -0.0000481577   0.0000516967
   5.6003386804   0.0000451339  -0.0000450585   0.0000437948
   5.6147725430   0.0000451691  -0.0000440197   0.0000389039
   5.6292064056   0.0000454817  -0.0000437393   0.0000371049
   5.6436402682   0.0000455789  -0.0000433000   0.0000383493
   5.6580741308   0.0000453119  -0.0000425408   0.0000422256
   5.6725079933   0.0000447898  -0.0000419412   0.0000477399
   5.6869418559   0.0000441012  -0.0000420623   0.0000533310
   5.7013757185   0.0000430859  -0.0000428634   0.0000572046
   5.7158095811   0.0000413152  -0.0000433512   0.0000578795
   5.7302434436   0.0000382714  -0.0000418685   0.0000547010
   5.7446773062   0.0000336025  -0.0000369505   0.0000480770
   5.7591111688   0.0000273256  -0.0000282936   0.0000393295
   5.7735450314   0.0000199141  -0.0000172655   0.0000302342
   5.7879788940   0.0000122587  -0.0000066194   0.0000224553
   5.8024127565   0.0000055125   0.0000004895   0.0000170937
   5.8168466191   0.0000008403   0.0000017274   0.0000144786
   5.8312804817  -0.0000008756  -0.0000034978   0.0000142052
   5.8457143443   0.0000007227  -0.0000137788   0.0000153374
   5.8601482069   0.0000053754  -0.0000261653   0.0000166752
   5.8745820694   0.0000123037  -0.0000371243   0.0000170238
   5.8890159320   0.0000204516  -0.0000436595   0.0000154339
   5.9034497946   0.0000287608  -0.0000442265   0.0000113950
   5.9178836572   0.0000363691  -0.0000391509   0.0000049476
   5.9323175197   0.0000426879  -0.0000304049  -0.0000033191
   5.9467513823   0.0000473827  -0.0000208170  -0.0000123880
   5.9611852449   0.0000503170  -0.0000130171  -0.0000210125
   5.9756191075   0.0000515148  -0.0000085397  -0.0000279273
   5.9900529701   0.0000511554  -0.0000074462  -0.0000320267
   6.0044868326   0.0000495853  -0.0000085787  -0.0000325094
   6.0189206952   0.0000473085  -0.0000102623  -0.0000290200
   6.0333545578   0.0000449234  -0.0000110873  -0.0000217899
   6.0477884204   0.0000429952  -0.0000104171  -0.0000117255
   6.0622222830   0.0000418908  -0.0000084595  -0.0000003549
   6.0766561455   0.0000416379  -0.0000059723   0.0000104243
   6.0910900081   0.0000418802  -0.0000038279   0.0000187619
   6.1055238707   0.0000419720  -0.0000026774   0.0000233096
   6.1199577333   0.0000411962  -0.0000028496   0.0000235615
   6.1343915958   0.0000390221  -0.0000044737   0.0000199811
   6.1488254584   0.0000352941  -0.0000076898   0.0000138978
   6.1632593210   0.0000302647  -0.0000127689   0.0000072173
   6.1776931836   0.0000244611  -0.0000200202   0.0000020068
   6.1921270462   0.0000184560  -0.0000294896   0.0000000164
   6.2065609087   0.0000126610  -0.0000406068   0.0000022240
   6.2209947713   0.0000072484  -0.0000520181   0.0000085307
   6.2354286339   0.0000022343  -0.0000617923   0.0000177388
   6.2498624965  -0.0000023341  -0.0000680135   0.0000278661
   6.2642963590  -0.0000062072  -0.0000695471   0.0000367112
   6.2787302216  -0.0000088944  -0.0000666286   0.0000424624
   6.2931640842  -0.0000098030  -0.0000609567   0.0000441299
   6.3075979468  -0.0000085026  -0.0000551787   0.0000416831
   6.3220318094  -0.0000049907  -0.0000519427   0.0000359213
   6.3364656719   0.0000001727  -0.0000528973   0.0000281929
   6.3508995345   0.0000059412  -0.0000580590   0.0000200729
   6.3653333971   0.0000110568  -0.0000658079   0.0000130438
   6.3797672597   0.0000144375  -0.0000735028   0.0000081897
   6.3942011223   0.0000155461  -0.0000784582   0.0000059392
   6.4086349848   0.0000146116  -0.0000788890   0.0000059435
   6.4230688474   0.0000126152  -0.0000744740   0.0000071726
   6.4375027100   0.0000110264  -0.0000663593   0.0000082361
   6.4519365726   0.0000113619  -0.0000566565   0.0000078227
   6.4663704351   0.0000147101  -0.0000476701   0.0000050934
   6.4808042977   0.0000213917  -0.0000411622  -0.0000001057
   6.4952381603   0.0000308714  -0.0000379041  -0.0000072520
   6.5096720229   0.0000419425  -0.0000376163  -0.0000153356
   6.5241058855   0.0000530923  -0.0000392402  -0.0000231515
   6.5385397480   0.0000629052  -0.0000413726  -0.0000296298
   6.5529736106   0.0000703739  -0.0000426822  -0.0000341335
   6.5674074732   0.0000750559  -0.0000421846  -0.0000366463
   6.5818413358   0.0000770809  -0.0000393514  -0.0000377676
   6.5962751984   0.0000770510  -0.0000341027  -0.0000384843
   6.6107090609   0.0000758718  -0.0000267537  -0.0000397850
   6.6251429235   0.0000745416  -0.0000179595  -0.0000422665
   6.6395767861   0.0000739230  -0.0000086506  -0.0000458902
   6.6540106487   0.0000745381   0.0000000771  -0.0000499743
   6.6684445112   0.0000764418   0.0000071466  -0.0000534027
   6.6828783738   0.0000792180   0.0000117372  -0.0000549617
   6.6973122364   0.0000821068   0.0000135066  -0.0000537062
   6.7117460990   0.0000842281   0.0000127061  -0.0000492775
   6.7261799616   0.0000848373   0.0000101242  -0.0000420978
   6.7406138241   0.0000835423   0.0000068630  -0.0000333680
   6.7550476867   0.0000804273   0.0000040209  -0.0000248164
   6.7694815493   0.0000760541   0.0000023959  -0.0000182304
   6.7839154119   0.0000713335   0.0000023103  -0.0000149091
   6.7983492745   0.0000672921   0.0000036044  -0.0000152409
   6.8127831370   0.0000647881   0.0000057758  -0.0000185714
   6.8272169996   0.0000642587   0.0000081957  -0.0000234026
   6.8416508622   0.0000655859   0.0000103199  -0.0000278329
   6.8560847248   0.0000681400   0.0000118314  -0.0000300801
   6.8705185873   0.0000709938   0.0000126884  -0.0000289451
   6.8849524499   0.0000732356   0.0000130813  -0.0000241211
   6.8993863125   0.0000742643   0.0000133258  -0.0000162929
   6.9138201751   0.0000739585   0.0000137322  -0.0000069879
   6.9282540377   0.0000726654   0.0000144947   0.0000018188
   6.9426879002   0.0000710291   0.0000156375   0.0000082632
   6.9571217628   0.0000697341   0.0000170381   0.0000111481
   6.9715556254   0.0000692617   0.0000185130   0.0000102957
   6.9859894880   0.0000697367   0.0000199277   0.0000065690
   7.0004233506   0.0000709040   0.0000212739   0.0000015671
   7.0148572131   0.0000722278   0.0000226758  -0.0000028726
   7.0292910757   0.0000730720   0.0000243181  -0.0000051885
   7.0437249383   0.0000728998   0.0000263336  -0.0000044828
   7.0581588009   0.0000714296   0.0000287065  -0.0000007118
   7.0725926634   0.0000686982   0.0000312459   0.0000053400
   7.0870265260   0.0000650186   0.0000336446   0.0000122889
   7.1014603886   0.0000608531   0.0000355999   0.0000185407
   7.1158942512   0.0000566554   0.0000369402   0.0000227478
   7.1303281138   0.0000527385   0.0000376993   0.0000241985
   7.1447619763   0.0000492133   0.0000381005   0.0000230048
   7.1591958389   0.0000460051   0.0000384555   0.0000200193
   7.1736297015   0.0000429299   0.0000390180   0.0000165153
   7.1880635641   0.0000397900   0.0000398549   0.0000137538
   7.2024974266   0.0000364541   0.0000407961   0.0000125886
   7.2169312892   0.0000328978   0.0000414917   0.0000132314
   7.2313651518   0.0000292049   0.0000415625   0.0000152345
   7.2457990144   0.0000255374   0.0000407844   0.0000176826
   7.2602328770   0.0000220907   0.0000392217   0.0000195256
   7.2746667395   0.0000190434   0.0000372427   0.0000199503
   7.2891006021   0.0000165112   0.0000353937   0.0000186681
   7.3035344647   0.0000145105   0.0000341785   0.0000160191
   7.3179683273   0.0000129444   0.0000338382   0.0000128525
   7.3324021899   0.0000116215   0.0000342334   0.0000102271
   7.3468360524   0.0000103113   0.0000348883   0.0000090389
   7.3612699150   0.0000088239   0.0000351816   0.0000097084
   7.3757037776   0.0000070888   0.0000346002   0.0000120339
   7.3901376402   0.0000051978   0.0000329460   0.0000152524
   7.4045715027   0.0000033900   0.0000304096   0.0000182840
   7.4190053653   0.0000019770   0.0000274867   0.0000200780
   7.4334392279   0.0000012287   0.0000247839   0.0000199491
   7.4478730905   0.0000012607   0.0000227957   0.0000177933
   7.4623069531   0.0000019649   0.0000217414   0.0000141142
   7.4767408156   0.0000030146   0.0000215124   0.0000098562
   7.4911746782   0.0000039519   0.0000217372   0.0000061069
   7.5056085408   0.0000043329   0.0000219296   0.0000037756
   7.5200424034   0.0000038856   0.0000216610   0.0000033499
   7.5344762660   0.0000026179   0.0000206992   0.0000047963
   7.5489101285   0.0000008301   0.0000190712   0.0000076143
   7.5633439911  -0.0000009807   0.0000170339   0.0000110098
   7.5777778537  -0.0000022957   0.0000149711   0.0000141256
   7.5922117163  -0.0000027612   0.0000132570   0.0000162640
   7.6066455788  -0.0000023168   0.0000121338   0.0000170406
   7.6210794414  -0.0000012122   0.0000116436   0.0000164367
   7.6355133040   0.0000000931   0.0000116299   0.0000147471
   7.6499471666   0.0000011066   0.0000117985   0.0000124535
   7.6643810292   0.0000014877   0.0000118135   0.0000100754
   7.6788148917   0.0000011669   0.0000113960   0.0000080453
   7.6932487543   0.0000003571   0.0000104032   0.0000066352
   7.7076826169  -0.0000005450   0.0000088704   0.0000059398
   7.7221164795  -0.0000011217   0.0000070099   0.0000059009
   7.7365503421  -0.0000010958   0.0000051622   0.0000063560
   7.7509842046  -0.0000004272   0.0000037051   0.0000070929
   7.7654180672   0.0000006894   0.0000029386   0.0000078983
   7.7798519298   0.0000019169   0.0000029767   0.0000085897
   7.7942857924   0.0000029162   0.0000036852   0.0000090307
   7.8087196549   0.0000034777   0.0000046978   0.0000091343
   7.8231535175   0.0000035934   0.0000055200   0.0000088644
   7.8375873801   0.0000034474   0.0000056947   0.0000082411
   7.8520212427   0.0000033326   0.0000049708   0.0000073453
   7.8664551053   0.0000035306   0.0000034095   0.0000063150
   7.8808889678   0.0000042032   0.0000013757   0.0000053223
   7.8953228304   0.0000053362  -0.0000005890   0.0000045350
   7.9097566930   0.0000067559  -0.0000019676   0.0000040712
   7.9241905556   0.0000082047  -0.0000024625   0.0000039648
   7.9386244181   0.0000094435  -0.0000021060   0.0000041527
   7.9530582807   0.0000103366  -0.0000012403   0.0000044925
   7.9674921433   0.0000108902  -0.0000003778   0.0000048074
   7.9819260059   0.0000112326   0.0000000026   0.0000049477
