   0.0000000000   0.0000000000   0.0000000000   0.0000000000
   0.0144338626   0.0000000000   0.0000000000   0.0000000000
   0.0288677252   0.0000000000   0.0000000000   0.0000000000
   0.0433015877   0.0000000000   0.0000000000   0.0000000000
   0.0577354503   0.0000000000   0.0000000000   0.0000000000
   0.0721693129   0.0000000000   0.0000000000   0.0000000000
   0.0866031755   0.0000000000   0.0000000000   0.0000000000
   0.1010370380   0.0000000000   0.0000000000   0.0000000000
   0.1154709006   0.0000000000   0.0000000000   0.0000000000
   0.1299047632   0.0000000000   0.0000000000   0.0000000000
   0.1443386258   0.0000000000   0.0000000000   0.0000000000
   0.1587724884   0.0000000000   0.0000000000   0.0000000000
   0.1732063509   0.0000000000   0.0000000000   0.0000000000
   0.1876402135   0.0000000000   0.0000000000   0.0000000000
   0.2020740761   0.0000000000   0.0000000000   0.0000000000
   0.2165079387   0.0000000000   0.0000000000   0.0000000000
   0.2309418013   0.0000000000   0.0000000000   0.0000000000
   0.2453756638   0.0000000000   0.0000000000   0.0000000000
   0.2598095264   0.0000000000   0.0000000000   0.0000000000
   0.2742433890   0.0000000000   0.0000000000   0.0000000000
   0.2886772516   0.0000000000   0.0000000000   0.0000000000
   0.3031111141   0.0000000000  -0.0000000000  -0.0000000000
   0.3175449767  -0.0000000000  -0.0000000000  -0.0000000000
   0.3319788393  -0.0000000000  -0.0000000000  -0.0000000000
   0.3464127019  -0.0000000000  -0.0000000000  -0.0000000000
   0.3608465645  -0.0000000000  -0.0000000000  -0.0000000000
   0.3752804270  -0.0000000000  -0.0000000000  -0.0000000000
   0.3897142896  -0.0000000000  -0.0000000000  -0.0000000000
   0.4041481522  -0.0000000000  -0.0000000000  -0.0000000000
   0.4185820148  -0.0000000000  -0.0000000000  -0.0000000000
   0.4330158774  -0.0000000000  -0.0000000000  -0.0000000000
   0.4474497399  -0.0000000000  -0.0000000000  -0.0000000000
   0.4618836025  -0.0000000000  -0.0000000000  -0.0000000000
   0.4763174651   0.0000000000  -0.0000000000  -0.0000000000
   0.4907513277   0.0000000000  -0.0000000000  -0.0000000000
   0.5051851902   0.0000000000   0.0000000000   0.0000000000
   0.5196190528   0.0000000000   0.0000000000   0.0000000000
   0.5340529154   0.0000000000   0.0000000000   0.0000000000
   0.5484867780   0.0000000000   0.0000000000   0.0000000000
   0.5629206406   0.0000000000   0.0000000000   0.0000000000
   0.5773545031   0.0000000000   0.0000000000   0.0000000000
   0.5917883657   0.0000000000   0.0000000000   0.0000000000
   0.6062222283   0.0000000000   0.0000000000   0.0000000000
   0.6206560909   0.0000000000   0.0000000000   0.0000000000
   0.6350899535   0.0000000000   0.0000000000   0.0000000000
   0.6495238160  -0.0000000000   0.0000000000   0.0000000000
   0.6639576786  -0.0000000000   0.0000000000   0.0000000000
   0.6783915412  -0.0000000000  -0.0000000000  -0.0000000000
   0.6928254038  -0.0000000000  -0.0000000000  -0.0000000000
   0.7072592663  -0.0000000000  -0.0000000000  -0.0000000000
   0.7216931289  -0.0000000000  -0.0000000000  -0.0000000000
   0.7361269915  -0.0000000000  -0.0000000000  -0.0000000000
   0.7505608541  -0.0000000000  -0.0000000000  -0.0000000000
   0.7649947167  -0.0000000000  -0.0000000000  -0.0000000000
   0.7794285792  -0.0000000000  -0.0000000000  -0.0000000000
   0.7938624418  -0.0000000000  -0.0000000000  -0.0000000000
   0.8082963044  -0.0000000000  -0.0000000000  -0.0000000000
   0.8227301670  -0.0000000000  -0.0000000000  -0.0000000000
   0.8371640296  -0.0000000000  -0.0000000000  -0.0000000000
   0.8515978921  -0.0000000000  -0.0000000000  -0.0000000000
   0.8660317547  -0.0000000000  -0.0000000000  -0.0000000000
   0.8804656173  -0.0000000000  -0.0000000000  -0.0000000000
   0.8948994799  -0.0000000000  -0.0000000000  -0.0000000000
   0.9093333424  -0.0000000000  -0.0000000000   0.0000000000
   0.9237672050   0.0000000000   0.0000000000   0.0000000000
   0.9382010676   0.0000000000   0.0000000000   0.0000000000
   0.9526349302   0.0000000000   0.0000000000   0.0000000000
   0.9670687928   0.0000000000   0.0000000000   0.0000000000
   0.9815026553   0.0000000000   0.0000000000   0.0000000000
   0.9959365179   0.0000000000   0.0000000000   0.0000000000
   1.0103703805   0.0000000000   0.0000000000   0.0000000000
   1.0248042431  -0.0000000000  -0.0000000000  -0.0000000000
   1.0392381056  -0.0000000000  -0.0000000000  -0.0000000000
   1.0536719682  -0.0000000000  -0.0000000000  -0.0000000000
   1.0681058308  -0.0000000000  -0.0000000000  -0.0000000000
   1.0825396934  -0.0000000000  -0.0000000000  -0.0000000000
   1.0969735560  -0.0000000000  -0.0000000000  -0.0000000000
   1.1114074185  -0.0000000000  -0.0000000000   0.0000000000
   1.1258412811   0.0000000000   0.0000000000   0.0000000000
   1.1402751437   0.0000000000   0.0000000000   0.0000000000
   1.1547090063   0.0000000000   0.0000000000   0.0000000000
   1.1691428689   0.0000000000   0.0000000000   0.0000000000
   1.1835767314   0.0000000000   0.0000000000   0.0000000000
   1.1980105940   0.0000000000   0.0000000000  -0.0000000000
   1.2124444566  -0.0000000000  -0.0000000000  -0.0000000000
   1.2268783192  -0.0000000000  -0.0000000000  -0.0000000000
   1.2413121817  -0.0000000000  -0.0000000000  -0.0000000000
   1.2557460443  -0.0000000000  -0.0000000000  -0.0000000000
   1.2701799069  -0.0000000000  -0.0000000000  -0.0000000000
   1.2846137695   0.0000000000   0.0000000000   0.0000000000
   1.2990476321   0.0000000000   0.0000000000   0.0000000000
   1.3134814946   0.0000000000   0.0000000001   0.0000000001
   1.3279153572   0.0000000000   0.0000000001   0.0000000001
   1.3423492198   0.0000000000   0.0000000001   0.0000000000
   1.3567830824   0.0000000000   0.0000000000  -0.0000000000
   1.3712169450  -0.0000000000  -0.0000000001  -0.0000000001
   1.3856508075  -0.0000000001  -0.0000000002  -0.0000000002
   1.4000846701  -0.0000000001  -0.0000000002  -0.0000000002
   1.4145185327  -0.0000000001  -0.0000000002  -0.0000000001
   1.4289523953  -0.0000000001  -0.0000000001  -0.0000000000
   1.4433862578   0.0000000000   0.0000000001   0.0000000002
   1.4578201204   0.0000000002   0.0000000004   0.0000000003
   1.4722539830   0.0000000003   0.0000000005   0.0000000004
   1.4866878456   0.0000000003   0.0000000005   0.0000000003
   1.5011217082   0.0000000002   0.0000000002  -0.0000000000
   1.5155555707  -0.0000000001  -0.0000000003  -0.0000000003
   1.5299894333  -0.0000000004  -0.0000000008  -0.0000000006
   1.5444232959  -0.0000000006  -0.0000000012  -0.0000000005
   1.5588571585  -0.0000000007  -0.0000000011  -0.0000000001
   1.5732910211  -0.0000000004  -0.0000000005   0.0000000005
   1.5877248836   0.0000000001   0.0000000006   0.0000000009
   1.6021587462   0.0000000009   0.0000000020   0.0000000005
   1.6165926088   0.0000000016   0.0000000031  -0.0000000009
   1.6310264714   0.0000000021   0.0000000035  -0.0000000030
   1.6454603339   0.0000000021   0.0000000026  -0.0000000048
   1.6598941965   0.0000000011   0.0000000001  -0.0000000047
   1.6743280591  -0.0000000010  -0.0000000040  -0.0000000012
   1.6887619217  -0.0000000041  -0.0000000090   0.0000000065
   1.7031957843  -0.0000000076  -0.0000000136   0.0000000170
   1.7176296468  -0.0000000104  -0.0000000156   0.0000000264
   1.7320635094  -0.0000000109  -0.0000000124   0.0000000291
   1.7464973720  -0.0000000070  -0.0000000018   0.0000000191
   1.7609312346   0.0000000025   0.0000000168  -0.0000000065
   1.7753650971   0.0000000172   0.0000000405  -0.0000000450
   1.7897989597   0.0000000339   0.0000000618  -0.0000000856
   1.8042328223   0.0000000464   0.0000000695  -0.0000001112
   1.8186666849   0.0000000467   0.0000000520  -0.0000001028
   1.8331005475   0.0000000278   0.0000000031  -0.0000000479
   1.8475344100  -0.0000000120  -0.0000000724   0.0000000510
   1.8619682726  -0.0000000657  -0.0000001539   0.0000001708
   1.8764021352  -0.0000001168  -0.0000002083   0.0000002693
   1.8908359978  -0.0000001423  -0.0000001995   0.0000002974
   1.9052698604  -0.0000001208  -0.0000001050   0.0000002182
   1.9197037229  -0.0000000438   0.0000000672   0.0000000281
   1.9341375855   0.0000000761   0.0000002701  -0.0000002293
   1.9485714481   0.0000002023   0.0000004257  -0.0000004672
   1.9630053107   0.0000002840   0.0000004509  -0.0000005813
   1.9774391732   0.0000002740   0.0000002958  -0.0000004915
   1.9918730358   0.0000001526  -0.0000000216  -0.0000001853
   2.0063068984  -0.0000000560  -0.0000004033   0.0000002571
   2.0207407610  -0.0000002824  -0.0000006955   0.0000006761
   2.0351746236  -0.0000004335  -0.0000007474   0.0000008867
   2.0496084861  -0.0000004300  -0.0000004843   0.0000007586
   2.0640423487  -0.0000002467   0.0000000378   0.0000002901
   2.0784762113   0.0000000634   0.0000006295  -0.0000003634
   2.0929100739   0.0000003796   0.0000010310  -0.0000009326
   2.1073439365   0.0000005588   0.0000010235  -0.0000011435
   2.1217777990   0.0000005025   0.0000005425  -0.0000008527
   2.1362116616   0.0000002140  -0.0000002655  -0.0000001448
   2.1506455242  -0.0000001846  -0.0000010806   0.0000006697
   2.1650793868  -0.0000004965  -0.0000015370   0.0000011771
   2.1795132493  -0.0000005443  -0.0000013842   0.0000010694
   2.1939471119  -0.0000002777  -0.0000005989   0.0000003470
   2.2083809745   0.0000001614   0.0000006142  -0.0000005973
   2.2228148371   0.0000004654   0.0000019318  -0.0000010959
   2.2372486997   0.0000002971   0.0000030489  -0.0000005307
   2.2516825622  -0.0000004972   0.0000037197   0.0000012355
   2.2661164248  -0.0000016774   0.0000036177   0.0000035037
   2.2805502874  -0.0000025103   0.0000020709   0.0000046730
   2.2949841500  -0.0000018911  -0.0000020913   0.0000026384
   2.3094180126   0.0000012524  -0.0000102198  -0.0000042928
   2.3238518751   0.0000072826  -0.0000227625  -0.0000160827
   2.3382857377   0.0000150325  -0.0000374552  -0.0000295715
   2.3527196003   0.0000211075  -0.0000473938  -0.0000375643
   2.3671534629   0.0000197175  -0.0000402075  -0.0000291284
   2.3815873254   0.0000035376   0.0000000936   0.0000081106
   2.3960211880  -0.0000339492   0.0000872848   0.0000831045
   2.4104550506  -0.0000944536   0.0002228766   0.0001940139
   2.4248889132  -0.0001696301   0.0003834780   0.0003194907
   2.4393227758  -0.0002358200   0.0005093827   0.0004111662
   2.4537566383  -0.0002509032   0.0004999082   0.0003911297
   2.4681905009  -0.0001559054   0.0002213058   0.0001585635
   2.4826243635   0.0001162811  -0.0004688718  -0.0003915101
   2.4970582261   0.0006241621  -0.0016814337  -0.0013375574
   2.5114920887   0.0013946124  -0.0034458621  -0.0026938520
   2.5259259512   0.0023985283  -0.0056641120  -0.0043757172
   2.5403598138   0.0035329398  -0.0080846865  -0.0061809243
   2.5547936764   0.0046183732  -0.0103130736  -0.0077999681
   2.5692275390   0.0054183328  -0.0118678771  -0.0088623515
   2.5836614015   0.0056825766  -0.0122796200  -0.0090157802
   2.5980952641   0.0052082806  -0.0112140295  -0.0080228179
   2.6125291267   0.0039053485  -0.0085883867  -0.0058492329
   2.6269629893   0.0018468943  -0.0046436652  -0.0027144889
   2.6413968519  -0.0007140453   0.0000591973   0.0009193512
   2.6558307144  -0.0033739459   0.0047326490   0.0044286058
   2.6702645770  -0.0056545421   0.0085327744   0.0071658004
   2.6846984396  -0.0071104029   0.0107665089   0.0086207494
   2.6991323022  -0.0074415106   0.0110776692   0.0085591082
   2.7135661647  -0.0065786820   0.0095526665   0.0070943744
   2.7280000273  -0.0047142318   0.0067061012   0.0046662142
   2.7424338899  -0.0022644211   0.0033419570   0.0019257351
   2.7568677525   0.0002298404   0.0003269024  -0.0004418453
   2.7713016151   0.0022381606  -0.0016560481  -0.0019050802
   2.7857354776   0.0033735929  -0.0022950923  -0.0022274137
   2.8001693402   0.0034848044  -0.0017169318  -0.0015180060
   2.8146032028   0.0026810575  -0.0004119745  -0.0001774656
   2.8290370654   0.0012844636   0.0009554097   0.0012422292
   2.8434709280  -0.0002733378   0.0017840331   0.0022167179
   2.8579047905  -0.0015761920   0.0017365135   0.0024087093
   2.8723386531  -0.0023312172   0.0008338965   0.0017578866
   2.8867725157  -0.0024286028  -0.0005849574   0.0004763676
   2.9012063783  -0.0019407062  -0.0020175889  -0.0010425747
   2.9156402408  -0.0010688573  -0.0030022353  -0.0023663615
   2.9300741034  -0.0000627189  -0.0032919327  -0.0031647656
   2.9445079660   0.0008568845  -0.0029328154  -0.0033042866
   2.9589418286   0.0015465799  -0.0022208396  -0.0028677674
   2.9733756912   0.0019499704  -0.0015599954  -0.0020994860
   2.9878095537   0.0020744469  -0.0012833516  -0.0013015269
   3.0022434163   0.0019539147  -0.0015110067  -0.0007218668
   3.0166772789   0.0016189520  -0.0021017311  -0.0004739678
   3.0311111415   0.0010888479  -0.0027154558  -0.0005131432
   3.0455450041   0.0003866790  -0.0029583090  -0.0006727301
   3.0599788666  -0.0004346043  -0.0025491059  -0.0007416192
   3.0744127292  -0.0012739614  -0.0014390120  -0.0005515188
   3.0888465918  -0.0019879856   0.0001631636  -0.0000415060
   3.1032804544  -0.0024252036   0.0018680383   0.0007217044
   3.1177143169  -0.0024786441   0.0032513037   0.0015715769
   3.1321481795  -0.0021349124   0.0040073634   0.0023037715
   3.1465820421  -0.0014958517   0.0040492785   0.0027472832
   3.1610159047  -0.0007579188   0.0035178372   0.0028185510
   3.1754497673  -0.0001515023   0.0027018036   0.0025409617
   3.1898836298   0.0001395453   0.0019084215   0.0020264124
   3.2043174924   0.0000470404   0.0013422193   0.0014296218
   3.2187513550  -0.0003529746   0.0010432210   0.0008944598
   3.2331852176  -0.0008666828   0.0009064344   0.0005120238
   3.2476190802  -0.0012562303   0.0007664852   0.0003033142
   3.2620529427  -0.0013328247   0.0005019617   0.0002287021
   3.2764868053  -0.0010319827   0.0001068487   0.0002164921
   3.2909206679  -0.0004399529  -0.0003055250   0.0001973497
   3.3053545305   0.0002399991  -0.0005661292   0.0001314718
   3.3197883930   0.0007678582  -0.0005474039   0.0000200244
   3.3342222556   0.0009606978  -0.0002427462  -0.0001009751
   3.3486561182   0.0007617537   0.0002144518  -0.0001801080
   3.3630899808   0.0002574522   0.0006048613  -0.0001753017
   3.3775238434  -0.0003624086   0.0007259438  -0.0000747779
   3.3919577059  -0.0008822641   0.0004933223   0.0000934888
   3.4063915685  -0.0011424123  -0.0000103447   0.0002680253
   3.4208254311  -0.0010914631  -0.0005657245   0.0003750453
   3.4352592937  -0.0007912382  -0.0009148757   0.0003581316
   3.4496931563  -0.0003774067  -0.0008820336   0.0002053840
   3.4641270188   0.0000025295  -0.0004599772  -0.0000382518
   3.4785608814   0.0002452491   0.0001798747  -0.0002818621
   3.4929947440   0.0003193970   0.0007599960  -0.0004221395
   3.5074286066   0.0002585061   0.0010195766  -0.0003882158
   3.5218624691   0.0001289696   0.0008317753  -0.0001785107
   3.5362963317  -0.0000073759   0.0002621025   0.0001294063
   3.5507301943  -0.0001175021  -0.0004583321   0.0004049073
   3.5651640569  -0.0001995398  -0.0010324227   0.0005188129
   3.5795979195  -0.0002671654  -0.0012250107   0.0004034212
   3.5940317820  -0.0003287755  -0.0009630203   0.0000893685
   3.6084656446  -0.0003751286  -0.0003649813  -0.0003010722
   3.6228995072  -0.0003826051   0.0003113906  -0.0006048103
   3.6373333698  -0.0003294329   0.0007796568  -0.0006912619
   3.6517672323  -0.0002146250   0.0008454167  -0.0005236168
   3.6662010949  -0.0000678025   0.0004866138  -0.0001774373
   3.6806349575   0.0000570340  -0.0001392629   0.0001939961
   3.6950688201   0.0001022489  -0.0007628225   0.0004316964
   3.7095026827   0.0000326562  -0.0011162694   0.0004451999
   3.7239365452  -0.0001453168  -0.0010454833   0.0002523362
   3.7383704078  -0.0003809041  -0.0005745212  -0.0000347009
   3.7528042704  -0.0005951242   0.0001038999  -0.0002687184
   3.7672381330  -0.0007099993   0.0007080562  -0.0003410474
   3.7816719956  -0.0006794019   0.0009842983  -0.0002316159
   3.7961058581  -0.0005090734   0.0008131651  -0.0000114696
   3.8105397207  -0.0002573524   0.0002602039   0.0002006605
   3.8249735833  -0.0000155094  -0.0004502519   0.0003023883
   3.8394074459   0.0001255009  -0.0010279656   0.0002577953
   3.8538413084   0.0001095311  -0.0012376279   0.0001088440
   3.8682751710  -0.0000623675  -0.0009966469  -0.0000544545
   3.8827090336  -0.0003308983  -0.0004084051  -0.0001456824
   3.8971428962  -0.0006001053   0.0002829188  -0.0001262967
   3.9115767588  -0.0007739141   0.0007960542  -0.0000202185
   3.9260106213  -0.0007935029   0.0009298502   0.0001053825
   3.9404444839  -0.0006603513   0.0006437767   0.0001787848
   3.9548783465  -0.0004351128   0.0000684536   0.0001591511
   3.9693122091  -0.0002123048  -0.0005558305   0.0000511117
   3.9837460717  -0.0000811916  -0.0009834360  -0.0001050286
   3.9981799342  -0.0000894968  -0.0010641444  -0.0002572645
   4.0126137968  -0.0002256080  -0.0007979521  -0.0003644203
   4.0270476594  -0.0004268178  -0.0003237912  -0.0004063596
   4.0414815220  -0.0006093980   0.0001481755  -0.0003812870
   4.0559153845  -0.0007063926   0.0004275944  -0.0002978005
   4.0703492471  -0.0006957069   0.0004179859  -0.0001703081
   4.0847831097  -0.0006060334   0.0001444294  -0.0000204490
   4.0992169723  -0.0004989855  -0.0002718740   0.0001203778
   4.1136508349  -0.0004371884  -0.0006755029   0.0002150827
   4.1280846974  -0.0004543750  -0.0009446836   0.0002346878
   4.1425185600  -0.0005417641  -0.0010354146   0.0001760825
   4.1569524226  -0.0006562549  -0.0009856830   0.0000713962
   4.1713862852  -0.0007448924  -0.0008826974  -0.0000217852
   4.1858201478  -0.0007723105  -0.0008118269  -0.0000499654
   4.2002540103  -0.0007372404  -0.0008118903  -0.0000004877
   4.2146878729  -0.0006706237  -0.0008560196   0.0000747258
   4.2291217355  -0.0006177133  -0.0008640350   0.0000648634
   4.2435555981  -0.0006144945  -0.0007377295  -0.0001626759
   4.2579894606  -0.0006708126  -0.0004012206  -0.0007092279
   4.2724233232  -0.0007680791   0.0001717439  -0.0016015232
   4.2868571858  -0.0008711702   0.0009535992  -0.0027800961
   4.3012910484  -0.0009467840   0.0018800330  -0.0041252345
   4.3157249110  -0.0009779050   0.0028765683  -0.0055061670
   4.3301587735  -0.0009671620   0.0038797541  -0.0068266018
   4.3445926361  -0.0009285643   0.0048427471  -0.0080420086
   4.3590264987  -0.0008734183   0.0057247709  -0.0091401395
   4.3734603613  -0.0007987670   0.0064733290  -0.0100972874
   4.3878942239  -0.0006844428   0.0070121128  -0.0108369402
   4.4023280864  -0.0004995501   0.0072442229  -0.0112169440
   4.4167619490  -0.0002141509   0.0070716405  -0.0110563997
   4.4311958116   0.0001901108   0.0064228042  -0.0101925417
   4.4456296742   0.0007150500   0.0052757984  -0.0085421384
   4.4600635367   0.0013474137   0.0036673682  -0.0061396876
   4.4744973993   0.0020641269   0.0016859346  -0.0031365286
   4.4889312619   0.0028375468  -0.0005448903   0.0002358357
   4.5033651245   0.0036383520  -0.0028821062   0.0037187311
   4.5177989871   0.0044361095  -0.0051712863   0.0070710856
   4.5322328496   0.0051991592  -0.0072471092   0.0100893866
   4.5466667122   0.0058952776  -0.0089339230   0.0126020777
   4.5611005748   0.0064931855  -0.0100555841   0.0144524959
   4.5755344374   0.0069637637  -0.0104588616   0.0154903079
   4.5899682999   0.0072799815  -0.0100458857   0.0155854280
   4.6044021625   0.0074159425  -0.0088038504   0.0146641437
   4.6188360251   0.0073469062  -0.0068190494   0.0127525387
   4.6332698877   0.0070522430  -0.0042682561   0.0100052875
   4.6477037503   0.0065215856  -0.0013901478   0.0067023353
   4.6621376128   0.0057618787   0.0015525454   0.0032095908
   4.6765714754   0.0048013745   0.0043074851  -0.0000845549
   4.6910053380   0.0036872621   0.0066556409  -0.0028353538
   4.7054392006   0.0024765388   0.0084224114  -0.0047898194
   4.7198730632   0.0012234205   0.0094829028  -0.0058064978
   4.7343069257  -0.0000311407   0.0097683664  -0.0058501915
   4.7487407883  -0.0012629180   0.0092765645  -0.0049744836
   4.7631746509  -0.0024593885   0.0080824520  -0.0033057985
   4.7776085135  -0.0036092302   0.0063413077  -0.0010355920
   4.7920423760  -0.0046923294   0.0042770955   0.0015828113
   4.8064762386  -0.0056760386   0.0021541063   0.0042429461
   4.8209101012  -0.0065199677   0.0002368558   0.0066092442
   4.8353439638  -0.0071868127  -0.0012519365   0.0083589626
   4.8497778264  -0.0076533669  -0.0021649761   0.0092348907
   4.8642116889  -0.0079158480  -0.0024489116   0.0090946402
   4.8786455515  -0.0079870098  -0.0021462806   0.0079412805
   4.8930794141  -0.0078871527  -0.0013835382   0.0059252749
   4.9075132767  -0.0076343254  -0.0003492948   0.0033165784
   4.9219471393  -0.0072389444   0.0007337595   0.0004546139
   4.9363810018  -0.0067050451   0.0016407323  -0.0023105531
   4.9508148644  -0.0060365160   0.0021774361  -0.0046717547
   4.9652487270  -0.0052443267   0.0022100217  -0.0064026272
   4.9796825896  -0.0043510505   0.0016856977  -0.0073758855
   4.9941164521  -0.0033911484   0.0006395843  -0.0075642352
   5.0085503147  -0.0024077521  -0.0008139396  -0.0070299593
   5.0229841773  -0.0014476823  -0.0025024053  -0.0059093204
   5.0374180399  -0.0005560864  -0.0042224780  -0.0043950472
   5.0518519025   0.0002286724  -0.0057664608  -0.0027165093
   5.0662857650   0.0008794506  -0.0069441731  -0.0011152364
   5.0807196276   0.0013832721  -0.0076003177   0.0001854396
   5.0951534902   0.0017417089  -0.0076298407   0.0010142061
   5.1095873528   0.0019681632  -0.0069929500   0.0012826371
   5.1240212154   0.0020827896  -0.0057280561   0.0010046832
   5.1384550779   0.0021069580  -0.0039574092   0.0002976579
   5.1528889405   0.0020593843  -0.0018793219  -0.0006381779
   5.1673228031   0.0019551830   0.0002562603  -0.0015587273
   5.1817566657   0.0018077063   0.0021864698  -0.0022260266
   5.1961905282   0.0016318379   0.0036803493  -0.0024580152
   5.2106243908   0.0014468055   0.0045784206  -0.0021665641
   5.2250582534   0.0012765753   0.0048164721  -0.0013747614
   5.2394921160   0.0011465658   0.0044278337  -0.0002096506
   5.2539259786   0.0010768941   0.0035253102   0.0011267815
   5.2683598411   0.0010744902   0.0022702908   0.0023997045
   5.2827937037   0.0011281647   0.0008398053   0.0033851649
   5.2972275663   0.0012105578  -0.0005989076   0.0039054575
   5.3116614289   0.0012879538  -0.0019017997   0.0038511969
   5.3260952914   0.0013342733  -0.0029512556   0.0031909662
   5.3405291540   0.0013420576  -0.0036555121   0.0019729211
   5.3549630166   0.0013238617  -0.0039508196   0.0003222151
   5.3693968792   0.0013026445  -0.0038090379  -0.0015655485
   5.3838307418   0.0012965689  -0.0032478989  -0.0034384869
   5.3982646043   0.0013074563  -0.0023375097  -0.0050148401
   5.4126984669   0.0013200067  -0.0011969220  -0.0060229300
   5.4271323295   0.0013119446   0.0000215842  -0.0062498094
   5.4415661921   0.0012681782   0.0011577873  -0.0055878389
   5.4560000547   0.0011897454   0.0020719346  -0.0040660851
   5.4704339172   0.0010922131   0.0026687659  -0.0018561923
   5.4848677798   0.0009953118   0.0029110395   0.0007506885
   5.4993016424   0.0009108972   0.0028193789   0.0033910319
   5.5137355050   0.0008365246   0.0024589490   0.0056888746
   5.5281693675   0.0007576115   0.0019173360   0.0073150670
   5.5426032301   0.0006558718   0.0012810822   0.0080345559
   5.5570370927   0.0005189040   0.0006190607   0.0077354871
   5.5714709553   0.0003464699  -0.0000219585   0.0064393436
   5.5859048179   0.0001515771  -0.0006100725   0.0042949390
   5.6003386804  -0.0000431674  -0.0011159746   0.0015599966
   5.6147725430  -0.0002122572  -0.0015049116  -0.0014270418
   5.6292064056  -0.0003348784  -0.0017392401  -0.0042837817
   5.6436402682  -0.0004008772  -0.0017909839  -0.0066282385
   5.6580741308  -0.0004126851  -0.0016570799  -0.0081282007
   5.6725079933  -0.0003821396  -0.0013678252  -0.0085501696
   5.6869418559  -0.0003237360  -0.0009826812  -0.0077998789
   5.7013757185  -0.0002481916  -0.0005745044  -0.0059455989
   5.7158095811  -0.0001602709  -0.0002090401  -0.0032172685
   5.7302434436  -0.0000620066   0.0000719430   0.0000211843
   5.7446773062   0.0000415151   0.0002581679   0.0033232836
   5.7591111688   0.0001387416   0.0003677525   0.0062267292
   5.7735450314   0.0002139762   0.0004358773   0.0083234051
   5.7879788940   0.0002545716   0.0004994315   0.0093201164
   5.8024127565   0.0002584061   0.0005823673   0.0090799616
   5.8168466191   0.0002366266   0.0006862978   0.0076387965
   5.8312804817   0.0002097327   0.0007897372   0.0051962861
   5.8457143443   0.0001992321   0.0008567121   0.0020850828
   5.8601482069   0.0002193453   0.0008516310  -0.0012760623
   5.8745820694   0.0002723589   0.0007541241  -0.0044387456
   5.8890159320   0.0003484901   0.0005673155  -0.0069844586
   5.9034497946   0.0004288324   0.0003163703  -0.0085807566
   5.9178836572   0.0004894895   0.0000393442  -0.0090273029
   5.9323175197   0.0005059082  -0.0002239250  -0.0082850327
   5.9467513823   0.0004572792  -0.0004392494  -0.0064828278
   5.9611852449   0.0003307890  -0.0005797597  -0.0038989517
   5.9756191075   0.0001248611  -0.0006239873  -0.0009188568
   5.9900529701  -0.0001496749  -0.0005545866   0.0020242282
   6.0044868326  -0.0004708034  -0.0003607417   0.0045158026
   6.0189206952  -0.0008081317  -0.0000442444   0.0062221276
   6.0333545578  -0.0011259995   0.0003734300   0.0069374923
   6.0477884204  -0.0013861991   0.0008465825   0.0066097581
   6.0622222830  -0.0015507345   0.0013060690   0.0053414649
   6.0766561455  -0.0015856333   0.0016668091   0.0033677357
   6.0910900081  -0.0014662957   0.0018420206   0.0010153130
   6.1055238707  -0.0011835867   0.0017625102  -0.0013506906
   6.1199577333  -0.0007487947   0.0013971655  -0.0033841447
   6.1343915958  -0.0001954562   0.0007687036  -0.0048103350
   6.1488254584   0.0004230916  -0.0000417707  -0.0054649007
   6.1632593210   0.0010402481  -0.0009054935  -0.0053129232
   6.1776931836   0.0015854649  -0.0016712200  -0.0044456717
   6.1921270462   0.0019944353  -0.0021985289  -0.0030569983
   6.2065609087   0.0022182164  -0.0023895780  -0.0014050680
   6.2209947713   0.0022297507  -0.0022100981   0.0002330054
   6.2354286339   0.0020269570  -0.0016943226   0.0016060275
   6.2498624965   0.0016323676  -0.0009339553   0.0025266251
   6.2642963590   0.0010899303  -0.0000558462   0.0028971673
   6.2787302216   0.0004598400   0.0008046889   0.0027202435
   6.2931640842  -0.0001879171   0.0015282028   0.0020921977
   6.3075979468  -0.0007809826   0.0020284418   0.0011808452
   6.3220318094  -0.0012528578   0.0022607957   0.0001914687
   6.3364656719  -0.0015515514   0.0022225946  -0.0006724261
   6.3508995345  -0.0016476409   0.0019475709  -0.0012461936
   6.3653333971  -0.0015401115   0.0014970134  -0.0014323331
   6.3797672597  -0.0012580953   0.0009491937  -0.0012152922
   6.3942011223  -0.0008571042   0.0003873945  -0.0006605429
   6.4086349848  -0.0004095880  -0.0001135660   0.0001017431
   6.4230688474   0.0000086197  -0.0005014217   0.0009053786
   6.4375027100   0.0003328302  -0.0007582917   0.0015834697
   6.4519365726   0.0005211790  -0.0009058456   0.0020026895
   6.4663704351   0.0005603482  -0.0009998039   0.0020887898
   6.4808042977   0.0004641937  -0.0011127383   0.0018379674
   6.4952381603   0.0002665497  -0.0013087166   0.0013127677
   6.5096720229   0.0000112375  -0.0016174750   0.0006252645
   6.5241058855  -0.0002573513  -0.0020173624  -0.0000873642
   6.5385397480  -0.0005007436  -0.0024342101  -0.0006895216
   6.5529736106  -0.0006892787  -0.0027581377  -0.0010718425
   6.5674074732  -0.0008022052  -0.0028740323  -0.0011705108
   6.5818413358  -0.0008265000  -0.0026964856  -0.0009783740
   6.5962751984  -0.0007558893  -0.0021982142  -0.0005454595
   6.6107090609  -0.0005909844  -0.0014230191   0.0000319570
   6.6251429235  -0.0003406217  -0.0004793275   0.0006318174
   6.6395767861  -0.0000236157   0.0004835832   0.0011314886
   6.6540106487   0.0003305258   0.0013095845   0.0014315699
   6.6684445112   0.0006834319   0.0018704654   0.0014731180
   6.6828783738   0.0009929559   0.0020927516   0.0012456850
   6.6973122364   0.0012207868   0.0019709720   0.0007861568
   6.7117460990   0.0013404644   0.0015658475   0.0001698493
   6.7261799616   0.0013431731   0.0009894445  -0.0005042434
   6.7406138241   0.0012394414   0.0003815312  -0.0011318092
   6.7550476867   0.0010564660  -0.0001179184  -0.0016221177
   6.7694815493   0.0008323078  -0.0003953925  -0.0019135733
   6.7839154119   0.0006088766  -0.0003856238  -0.0019823557
   6.7983492745   0.0004253074  -0.0000850640  -0.0018425656
   6.8127831370   0.0003125241   0.0004456185  -0.0015391209
   6.8272169996   0.0002891768   0.0010914489  -0.0011366635
   6.8416508622   0.0003590359   0.0017049055  -0.0007078209
   6.8560847248   0.0005101493   0.0021363587  -0.0003226922
   6.8705185873   0.0007161737   0.0022674244  -0.0000398801
   6.8849524499   0.0009400213   0.0020398348   0.0001009944
   6.8993863125   0.0011394113   0.0014725663   0.0000846671
   6.9138201751   0.0012734038   0.0006621990  -0.0000777300
   6.9282540377   0.0013087805  -0.0002346316  -0.0003506967
   6.9426879002   0.0012252415  -0.0010333545  -0.0006798257
   6.9571217628   0.0010186422  -0.0015610865  -0.0009990493
   6.9715556254   0.0007017709  -0.0016947975  -0.0012383128
   6.9859894880   0.0003024628  -0.0013894679  -0.0013315813
   7.0004233506  -0.0001407306  -0.0006901414  -0.0012259233
   7.0148572131  -0.0005845354   0.0002745460  -0.0008917455
   7.0292910757  -0.0009873200   0.0013158736  -0.0003323859
   7.0437249383  -0.0013143667   0.0022207947   0.0004102245
   7.0581588009  -0.0015409822   0.0027929833   0.0012568480
   7.0725926634  -0.0016532278   0.0028913564   0.0021001381
   7.0870265260  -0.0016469649   0.0024587598   0.0028202372
   7.1014603886  -0.0015263919   0.0015352714   0.0033038125
   7.1158942512  -0.0013030587   0.0002533812   0.0034634424
   7.1303281138  -0.0009956105  -0.0011842727   0.0032546031
   7.1447619763  -0.0006297206  -0.0025405435   0.0026874208
   7.1591958389  -0.0002372721  -0.0035860930   0.0018300394
   7.1736297015   0.0001459494  -0.0041404303   0.0008010373
   7.1880635641   0.0004841614  -0.0041040797  -0.0002493373
   7.2024974266   0.0007464919  -0.0034761320  -0.0011658246
   7.2169312892   0.0009118264  -0.0023542580  -0.0018165428
   7.2313651518   0.0009724120  -0.0009174491  -0.0021163717
   7.2457990144   0.0009352294   0.0006052991  -0.0020405232
   7.2602328770   0.0008205780   0.0019748322  -0.0016265666
   7.2746667395   0.0006579378   0.0029832900  -0.0009657241
   7.2891006021   0.0004798954   0.0034899015  -0.0001856085
   7.3035344647   0.0003155503   0.0034446595   0.0005727209
   7.3179683273   0.0001850864   0.0028953428   0.0011796838
   7.3324021899   0.0000969012   0.0019762729   0.0015394708
   7.3468360524   0.0000478883   0.0008806893   0.0016050117
   7.3612699150   0.0000264456  -0.0001779341   0.0013825053
   7.3757037776   0.0000169602  -0.0010077539   0.0009253419
   7.3901376402   0.0000042069  -0.0014747919   0.0003202043
   7.4045715027  -0.0000236296  -0.0015258569  -0.0003303314
   7.4190053653  -0.0000739026  -0.0011935358  -0.0009246726
   7.4334392279  -0.0001501924  -0.0005829171  -0.0013759606
   7.4478730905  -0.0002538854   0.0001559216  -0.0016215431
   7.4623069531  -0.0003855817   0.0008624253  -0.0016279924
   7.4767408156  -0.0005455168   0.0013986747  -0.0013921240
   7.4911746782  -0.0007327403   0.0016738549  -0.0009390531
   7.5056085408  -0.0009433743   0.0016558003  -0.0003187091
   7.5200424034  -0.0011686411   0.0013690692   0.0003980365
   7.5344762660  -0.0013933990   0.0008822878   0.0011235377
   7.5489101285  -0.0015957737   0.0002894267   0.0017590310
   7.5633439911  -0.0017482818  -0.0003100675   0.0022035163
   7.5777778537  -0.0018206833  -0.0008284345   0.0023667778
   7.5922117163  -0.0017845864  -0.0012018551   0.0021855707
   7.6066455788  -0.0016194231  -0.0013970931   0.0016399953
   7.6210794414  -0.0013188347  -0.0014127574   0.0007659000
   7.6355133040  -0.0008959464  -0.0012758199  -0.0003408054
   7.6499471666  -0.0003857917  -0.0010342032  -0.0015308862
   7.6643810292   0.0001565443  -0.0007465262  -0.0026205241
   7.6788148917   0.0006626644  -0.0004705510  -0.0034203852
   7.6932487543   0.0010619318  -0.0002523368  -0.0037704636
   7.7076826169   0.0012951092  -0.0001182587  -0.0035737976
   7.7221164795   0.0013277703  -0.0000716474  -0.0028213017
   7.7365503421   0.0011601485  -0.0000948221  -0.0016012406
   7.7509842046   0.0008303407  -0.0001559666  -0.0000900771
   7.7654180672   0.0004090360  -0.0002190081   0.0014744460
   7.7798519298  -0.0000139444  -0.0002538236   0.0028333194
   7.7942857924  -0.0003486039  -0.0002439993   0.0037520625
   7.8087196549  -0.0005246899  -0.0001900874   0.0040638142
   7.8231535175  -0.0005074981  -0.0001076622   0.0037015322
   7.8375873801  -0.0003054904  -0.0000210615   0.0027128706
   7.8520212427   0.0000321452   0.0000450100   0.0012544093
   7.8664551053   0.0004272081   0.0000732999  -0.0004340754
   7.8808889678   0.0007903814   0.0000589226  -0.0020706179
   7.8953228304   0.0010408585   0.0000101716  -0.0033797244
   7.9097566930   0.0011231108  -0.0000545795  -0.0041398673
   7.9241905556   0.0010172330  -0.0001125713  -0.0042215424
   7.9386244181   0.0007411555  -0.0001431204  -0.0036094831
   7.9530582807   0.0003450977  -0.0001331370  -0.0024053182
   7.9674921433  -0.0000996800  -0.0000805114  -0.0008101601
   7.9819260059  -0.0005149244   0.0000051797   0.0009099591
